0 0 -1617
1 1 -1518
2 4 -1419
3 9 -1320
4 16 -1221
5 25 -1122
6 36 -1023
7 49 -923.997
8 64 -824.998
9 81 -725.998
10 100 -626.998
11 121 -527.998
12 144 -428.998
13 169 -329.998
14 196 -230.998
15 225 -131.998
16 256 -32.998
17 289 66.002
18 324 165.002
19 361 264.002
20 400 363.002
21 441 462.002
22 484 561.001
23 529 660.001
24 576 759.001
25 625 858.001
26 676 957.001
27 729 1056
28 784 1155
29 841 1254
30 900 1353
31 961 1452
32 1024 1551
33 1089 1650
34 1156 1749
35 1225 1848
36 1296 1947
37 1369 2046
38 1444 2145
39 1521 2244
40 1600 2343
41 1681 2442
42 1764 2541
43 1849 2640
44 1936 2739
45 2025 2838
46 2116 2937
47 2209 3036
48 2304 3135
49 2401 3234
50 2500 3333
51 2601 3432
52 2704 3531
53 2809 3630
54 2916 3729
55 3025 3828
56 3136 3927
57 3249 4026
58 3364 4125
59 3481 4224
60 3600 4323
61 3721 4422
62 3844 4521
63 3969 4620
64 4096 4719
65 4225 4818
66 4356 4917
67 4489 5016
68 4624 5115
69 4761 5214
70 4900 5313
71 5041 5412
72 5184 5511
73 5329 5610
74 5476 5709
75 5625 5808
76 5776 5907
77 5929 6006
78 6084 6105
79 6241 6204
80 6400 6303
81 6561 6402
82 6724 6501
83 6889 6600
84 7056 6699
85 7225 6798
86 7396 6897
87 7569 6996
88 7744 7095
89 7921 7194
90 8100 7293
91 8281 7392
92 8464 7491
93 8649 7590
94 8836 7689
95 9025 7788
96 9216 7887
97 9409 7986
98 9604 8085
99 9801 8184
